1 9 2016 1593.12199512
2 9 2016 1593.27997137
3 9 2016 1593.43794761
4 9 2016 1593.59592385
5 9 2016 1593.7539001
6 9 2016 1593.91187634
7 9 2016 1594.06985259
8 9 2016 1594.22782883
9 9 2016 1594.38580508
10 9 2016 1594.54378132
11 9 2016 1594.70175756
12 9 2016 1594.85973381
13 9 2016 1595.01771005
14 9 2016 1595.1756863
15 9 2016 1595.33366254
16 9 2016 1595.49163879
17 9 2016 1595.64961503
18 9 2016 1595.80759127
19 9 2016 1595.96556752
20 9 2016 1596.12354376
21 9 2016 1596.28152001
22 9 2016 1596.43949625
23 9 2016 1596.5974725
24 9 2016 1596.75544874
25 9 2016 1596.91342499
26 9 2016 1597.07140123
27 9 2016 1597.22937747
28 9 2016 1597.38735372
29 9 2016 1597.54532996
30 9 2016 1597.70330621
1 10 2016 1599.01421277
2 10 2016 1599.17218902
3 10 2016 1599.33016526
4 10 2016 1599.4881415
5 10 2016 1599.64611775
6 10 2016 1599.80409399
7 10 2016 1599.96207024
8 10 2016 1600.12004648
9 10 2016 1600.27802273
10 10 2016 1600.43599897
11 10 2016 1600.59397521
12 10 2016 1600.75195146
13 10 2016 1600.9099277
14 10 2016 1601.06790395
15 10 2016 1601.22588019
16 10 2016 1601.38385644
17 10 2016 1601.54183268
18 10 2016 1601.69980893
19 10 2016 1601.85778517
20 10 2016 1602.01576141
21 10 2016 1602.17373766
22 10 2016 1602.3317139
23 10 2016 1602.48969015
24 10 2016 1602.64766639
25 10 2016 1602.80564264
26 10 2016 1602.96361888
27 10 2016 1603.12159512
28 10 2016 1603.27957137
29 10 2016 1603.43754761
30 10 2016 1603.59552386
1 11 2016 1604.90643042
2 11 2016 1605.06440667
3 11 2016 1605.22238291
4 11 2016 1605.38035915
5 11 2016 1605.5383354
6 11 2016 1605.69631164
7 11 2016 1605.85428789
8 11 2016 1606.01226413
9 11 2016 1606.17024038
10 11 2016 1606.32821662
11 11 2016 1606.48619286
12 11 2016 1606.64416911
13 11 2016 1606.80214535
14 11 2016 1606.9601216
15 11 2016 1607.11809784
16 11 2016 1607.27607409
17 11 2016 1607.43405033
18 11 2016 1607.59202658
19 11 2016 1607.75000282
20 11 2016 1607.90797906
21 11 2016 1608.06595531
22 11 2016 1608.22393155
23 11 2016 1608.3819078
24 11 2016 1608.53988404
25 11 2016 1608.69786029
26 11 2016 1608.85583653
27 11 2016 1609.01381277
28 11 2016 1609.17178902
29 11 2016 1609.32976526
30 11 2016 1609.48774151
1 12 2016 1610.79864807
2 12 2016 1610.95662432
3 12 2016 1611.11460056
4 12 2016 1611.2725768
5 12 2016 1611.43055305
6 12 2016 1611.58852929
7 12 2016 1611.74650554
8 12 2016 1611.90448178
9 12 2016 1612.06245803
10 12 2016 1612.22043427
11 12 2016 1612.37841052
12 12 2016 1612.53638676
13 12 2016 1612.694363
14 12 2016 1612.85233925
15 12 2016 1613.01031549
16 12 2016 1613.16829174
17 12 2016 1613.32626798
18 12 2016 1613.48424423
19 12 2016 1613.64222047
20 12 2016 1613.80019671
21 12 2016 1613.95817296
22 12 2016 1614.1161492
23 12 2016 1614.27412545
24 12 2016 1614.43210169
25 12 2016 1614.59007794
26 12 2016 1614.74805418
27 12 2016 1614.90603042
28 12 2016 1615.06400667
29 12 2016 1615.22198291
30 12 2016 1615.37995916
1 1 1 2017 1612.94267877
2 1 2017 1613.10065501
3 1 2017 1613.25863126
4 1 2017 1613.4166075
5 1 2017 1613.57458375
6 1 2017 1613.73255999
7 1 2017 1613.89053623
8 1 2017 1614.04851248
9 1 2017 1614.20648872
10 1 2017 1614.36446497
11 1 2017 1614.52244121
12 1 2017 1614.68041746
13 1 2017 1614.8383937
14 1 2017 1614.99636994
15 1 2017 1615.15434619
16 1 2017 1615.31232243
17 1 2017 1615.47029868
18 1 2017 1615.62827492
19 1 2017 1615.78625117
20 1 2017 1615.94422741
21 1 2017 1616.10220365
22 1 2017 1616.2601799
23 1 2017 1616.41815614
24 1 2017 1616.57613239
25 1 2017 1616.73410863
26 1 2017 1616.89208488
27 1 2017 1617.05006112
28 1 2017 1617.20803736
29 1 2017 1617.36601361
30 1 2017 1617.52398985
1 2 2017 1618.83489642
2 2 2017 1618.99287266
3 2 2017 1619.15084891
4 2 2017 1619.30882515
5 2 2017 1619.4668014
6 2 2017 1619.62477764
7 2 2017 1619.78275388
8 2 2017 1619.94073013
9 2 2017 1620.09870637
10 2 2017 1620.25668262
11 2 2017 1620.41465886
12 2 2017 1620.57263511
13 2 2017 1620.73061135
14 2 2017 1620.88858759
15 2 2017 1621.04656384
16 2 2017 1621.20454008
17 2 2017 1621.36251633
18 2 2017 1621.52049257
19 2 2017 1621.67846882
20 2 2017 1621.83644506
21 2 2017 1621.9944213
22 2 2017 1622.15239755
23 2 2017 1622.31037379
24 2 2017 1622.46835004
25 2 2017 1622.62632628
26 2 2017 1622.78430253
27 2 2017 1622.94227877
28 2 2017 1623.10025501
29 2 2017 1623.25823126
30 2 2017 1623.4162075
1 3 2017 1624.72711407
2 3 2017 1624.88509031
3 3 2017 1625.04306656
4 3 2017 1625.2010428
5 3 2017 1625.35901905
6 3 2017 1625.51699529
7 3 2017 1625.67497153
8 3 2017 1625.83294778
9 3 2017 1625.99092402
10 3 2017 1626.14890027
11 3 2017 1626.30687651
12 3 2017 1626.46485276
13 3 2017 1626.622829
14 3 2017 1626.78080524
15 3 2017 1626.93878149
16 3 2017 1627.09675773
17 3 2017 1627.25473398
18 3 2017 1627.41271022
19 3 2017 1627.57068647
20 3 2017 1627.72866271
21 3 2017 1627.88663895
22 3 2017 1628.0446152
23 3 2017 1628.20259144
24 3 2017 1628.36056769
25 3 2017 1628.51854393
26 3 2017 1628.67652018
27 3 2017 1628.83449642
28 3 2017 1628.99247266
29 3 2017 1629.15044891
30 3 2017 1629.30842515
1 4 2017 1630.61933172
2 4 2017 1630.77730796
3 4 2017 1630.93528421
4 4 2017 1631.09326045
5 4 2017 1631.2512367
6 4 2017 1631.40921294
7 4 2017 1631.56718918
8 4 2017 1631.72516543
9 4 2017 1631.88314167
10 4 2017 1632.04111792
11 4 2017 1632.19909416
12 4 2017 1632.35707041
13 4 2017 1632.51504665
14 4 2017 1632.67302289
15 4 2017 1632.83099914
16 4 2017 1632.98897538
17 4 2017 1633.14695163
18 4 2017 1633.30492787
19 4 2017 1633.46290412
20 4 2017 1633.62088036
21 4 2017 1633.7788566
22 4 2017 1633.93683285
23 4 2017 1634.09480909
24 4 2017 1634.25278534
25 4 2017 1634.41076158
26 4 2017 1634.56873783
27 4 2017 1634.72671407
28 4 2017 1634.88469031
29 4 2017 1635.04266656
30 4 2017 1635.2006428
1 5 2017 1636.51154937
2 5 2017 1636.66952561
3 5 2017 1636.82750186
4 5 2017 1636.9854781
5 5 2017 1637.14345435
6 5 2017 1637.30143059
7 5 2017 1637.45940683
8 5 2017 1637.61738308
9 5 2017 1637.77535932
10 5 2017 1637.93333557
11 5 2017 1638.09131181
12 5 2017 1638.24928806
13 5 2017 1638.4072643
14 5 2017 1638.56524054
15 5 2017 1638.72321679
16 5 2017 1638.88119303
17 5 2017 1639.03916928
18 5 2017 1639.19714552
19 5 2017 1639.35512177
20 5 2017 1639.51309801
21 5 2017 1639.67107425
22 5 2017 1639.8290505
23 5 2017 1639.98702674
24 5 2017 1640.14500299
25 5 2017 1640.30297923
26 5 2017 1640.46095548
27 5 2017 1640.61893172
28 5 2017 1640.77690796
29 5 2017 1640.93488421
30 5 2017 1641.09286045
1 6 2017 1642.40376702
2 6 2017 1642.56174326
3 6 2017 1642.71971951
4 6 2017 1642.87769575
5 6 2017 1643.035672
6 6 2017 1643.19364824
7 6 2017 1643.35162448
8 6 2017 1643.50960073
9 6 2017 1643.66757697
10 6 2017 1643.82555322
11 6 2017 1643.98352946
12 6 2017 1644.14150571
13 6 2017 1644.29948195
14 6 2017 1644.45745819
15 6 2017 1644.61543444
16 6 2017 1644.77341068
17 6 2017 1644.93138693
18 6 2017 1645.08936317
19 6 2017 1645.24733942
20 6 2017 1645.40531566
21 6 2017 1645.5632919
22 6 2017 1645.72126815
23 6 2017 1645.87924439
24 6 2017 1646.03722064
25 6 2017 1646.19519688
26 6 2017 1646.35317313
27 6 2017 1646.51114937
28 6 2017 1646.66912562
29 6 2017 1646.82710186
30 6 2017 1646.9850781
1 7 2017 1648.29598467
2 7 2017 1648.45396091
3 7 2017 1648.61193716
4 7 2017 1648.7699134
5 7 2017 1648.92788965
6 7 2017 1649.08586589
7 7 2017 1649.24384213
8 7 2017 1649.40181838
9 7 2017 1649.55979462
10 7 2017 1649.71777087
11 7 2017 1649.87574711
12 7 2017 1650.03372336
13 7 2017 1650.1916996
14 7 2017 1650.34967584
15 7 2017 1650.50765209
16 7 2017 1650.66562833
17 7 2017 1650.82360458
18 7 2017 1650.98158082
19 7 2017 1651.13955707
20 7 2017 1651.29753331
21 7 2017 1651.45550956
22 7 2017 1651.6134858
23 7 2017 1651.77146204
24 7 2017 1651.92943829
25 7 2017 1652.08741453
26 7 2017 1652.24539078
27 7 2017 1652.40336702
28 7 2017 1652.56134327
29 7 2017 1652.71931951
30 7 2017 1652.87729575
1 8 2017 1654.18820232
2 8 2017 1654.34617856
3 8 2017 1654.50415481
4 8 2017 1654.66213105
5 8 2017 1654.8201073
6 8 2017 1654.97808354
7 8 2017 1655.13605978
8 8 2017 1655.29403603
9 8 2017 1655.45201227
10 8 2017 1655.60998852
11 8 2017 1655.76796476
12 8 2017 1655.92594101
13 8 2017 1656.08391725
14 8 2017 1656.24189349
15 8 2017 1656.39986974
16 8 2017 1656.55784598
17 8 2017 1656.71582223
18 8 2017 1656.87379847
19 8 2017 1657.03177472
20 8 2017 1657.18975096
21 8 2017 1657.34772721
22 8 2017 1657.50570345
23 8 2017 1657.66367969
24 8 2017 1657.82165594
25 8 2017 1657.97963218
26 8 2017 1658.13760843
27 8 2017 1658.29558467
28 8 2017 1658.45356092
29 8 2017 1658.61153716
30 8 2017 1658.7695134
1 9 2017 1660.08041997
2 9 2017 1660.23839621
3 9 2017 1660.39637246
4 9 2017 1660.5543487
5 9 2017 1660.71232495
6 9 2017 1660.87030119
7 9 2017 1661.02827743
8 9 2017 1661.18625368
9 9 2017 1661.34422992
10 9 2017 1661.50220617
11 9 2017 1661.66018241
12 9 2017 1661.81815866
13 9 2017 1661.9761349
14 9 2017 1662.13411115
15 9 2017 1662.29208739
16 9 2017 1662.45006363
17 9 2017 1662.60803988
18 9 2017 1662.76601612
19 9 2017 1662.92399237
20 9 2017 1663.08196861
21 9 2017 1663.23994486
22 9 2017 1663.3979211
23 9 2017 1663.55589734
24 9 2017 1663.71387359
25 9 2017 1663.87184983
26 9 2017 1664.02982608
27 9 2017 1664.18780232
28 9 2017 1664.34577857
29 9 2017 1664.50375481
30 9 2017 1664.66173105
1 10 2017 1665.97263762
2 10 2017 1666.13061386
3 10 2017 1666.28859011
4 10 2017 1666.44656635
5 10 2017 1666.6045426
6 10 2017 1666.76251884
7 10 2017 1666.92049508
8 10 2017 1667.07847133
9 10 2017 1667.23644757
10 10 2017 1667.39442382
11 10 2017 1667.55240006
12 10 2017 1667.71037631
13 10 2017 1667.86835255
14 10 2017 1668.0263288
15 10 2017 1668.18430504
16 10 2017 1668.34228128
17 10 2017 1668.50025753
18 10 2017 1668.65823377
19 10 2017 1668.81621002
20 10 2017 1668.97418626
21 10 2017 1669.13216251
22 10 2017 1669.29013875
23 10 2017 1669.44811499
24 10 2017 1669.60609124
25 10 2017 1669.76406748
26 10 2017 1669.92204373
27 10 2017 1670.08001997
28 10 2017 1670.23799622
29 10 2017 1670.39597246
30 10 2017 1670.5539487
1 11 2017 1671.86485527
2 11 2017 1672.02283151
3 11 2017 1672.18080776
4 11 2017 1672.338784
5 11 2017 1672.49676025
6 11 2017 1672.65473649
7 11 2017 1672.81271274
8 11 2017 1672.97068898
9 11 2017 1673.12866522
10 11 2017 1673.28664147
11 11 2017 1673.44461771
12 11 2017 1673.60259396
13 11 2017 1673.7605702
14 11 2017 1673.91854645
15 11 2017 1674.07652269
16 11 2017 1674.23449893
17 11 2017 1674.39247518
18 11 2017 1674.55045142
19 11 2017 1674.70842767
20 11 2017 1674.86640391
21 11 2017 1675.02438016
22 11 2017 1675.1823564
23 11 2017 1675.34033264
24 11 2017 1675.49830889
25 11 2017 1675.65628513
26 11 2017 1675.81426138
27 11 2017 1675.97223762
28 11 2017 1676.13021387
29 11 2017 1676.28819011
30 11 2017 1676.44616635
1 12 2017 1677.75707292
2 12 2017 1677.91504916
3 12 2017 1678.07302541
4 12 2017 1678.23100165
5 12 2017 1678.3889779
6 12 2017 1678.54695414
7 12 2017 1678.70493039
8 12 2017 1678.86290663
9 12 2017 1679.02088287
10 12 2017 1679.17885912
11 12 2017 1679.33683536
12 12 2017 1679.49481161
13 12 2017 1679.65278785
14 12 2017 1679.8107641
15 12 2017 1679.96874034
16 12 2017 1680.12671658
17 12 2017 1680.28469283
18 12 2017 1680.44266907
19 12 2017 1680.60064532
20 12 2017 1680.75862156
21 12 2017 1680.91659781
22 12 2017 1681.07457405
23 12 2017 1681.23255029
24 12 2017 1681.39052654
25 12 2017 1681.54850278
26 12 2017 1681.70647903
27 12 2017 1681.86445527
28 12 2017 1682.02243152
29 12 2017 1682.18040776
30 12 2017 1682.338384
1 1 1 2018 1679.90110362
2 1 2018 1680.05907986
3 1 2018 1680.2170561
4 1 2018 1680.37503235
5 1 2018 1680.53300859
6 1 2018 1680.69098484
7 1 2018 1680.84896108
8 1 2018 1681.00693733
9 1 2018 1681.16491357
10 1 2018 1681.32288981
11 1 2018 1681.48086606
12 1 2018 1681.6388423
13 1 2018 1681.79681855
14 1 2018 1681.95479479
15 1 2018 1682.11277104
16 1 2018 1682.27074728
17 1 2018 1682.42872352
18 1 2018 1682.58669977
19 1 2018 1682.74467601
20 1 2018 1682.90265226
21 1 2018 1683.0606285
22 1 2018 1683.21860475
23 1 2018 1683.37658099
24 1 2018 1683.53455723
25 1 2018 1683.69253348
26 1 2018 1683.85050972
27 1 2018 1684.00848597
28 1 2018 1684.16646221
29 1 2018 1684.32443846
30 1 2018 1684.4824147
1 2 2018 1685.79332127
2 2 2018 1685.95129751
3 2 2018 1686.10927375
4 2 2018 1686.26725
5 2 2018 1686.42522624
6 2 2018 1686.58320249
7 2 2018 1686.74117873
8 2 2018 1686.89915498
9 2 2018 1687.05713122
10 2 2018 1687.21510746
11 2 2018 1687.37308371
12 2 2018 1687.53105995
13 2 2018 1687.6890362
14 2 2018 1687.84701244
15 2 2018 1688.00498869
16 2 2018 1688.16296493
17 2 2018 1688.32094117
18 2 2018 1688.47891742
19 2 2018 1688.63689366
20 2 2018 1688.79486991
21 2 2018 1688.95284615
22 2 2018 1689.1108224
23 2 2018 1689.26879864
24 2 2018 1689.42677488
25 2 2018 1689.58475113
26 2 2018 1689.74272737
27 2 2018 1689.90070362
28 2 2018 1690.05867986
29 2 2018 1690.21665611
30 2 2018 1690.37463235
1 3 2018 1691.68553892
2 3 2018 1691.84351516
3 3 2018 1692.0014914
4 3 2018 1692.15946765
5 3 2018 1692.31744389
6 3 2018 1692.47542014
7 3 2018 1692.63339638
8 3 2018 1692.79137263
9 3 2018 1692.94934887
10 3 2018 1693.10732511
11 3 2018 1693.26530136
12 3 2018 1693.4232776
13 3 2018 1693.58125385
14 3 2018 1693.73923009
15 3 2018 1693.89720634
16 3 2018 1694.05518258
17 3 2018 1694.21315882
18 3 2018 1694.37113507
19 3 2018 1694.52911131
20 3 2018 1694.68708756
21 3 2018 1694.8450638
22 3 2018 1695.00304005
23 3 2018 1695.16101629
24 3 2018 1695.31899253
25 3 2018 1695.47696878
26 3 2018 1695.63494502
27 3 2018 1695.79292127
28 3 2018 1695.95089751
29 3 2018 1696.10887376
30 3 2018 1696.26685
1 4 2018 1697.57775657
2 4 2018 1697.73573281
3 4 2018 1697.89370905
4 4 2018 1698.0516853
5 4 2018 1698.20966154
6 4 2018 1698.36763779
7 4 2018 1698.52561403
8 4 2018 1698.68359028
9 4 2018 1698.84156652
10 4 2018 1698.99954276
11 4 2018 1699.15751901
12 4 2018 1699.31549525
13 4 2018 1699.4734715
14 4 2018 1699.63144774
15 4 2018 1699.78942399
16 4 2018 1699.94740023
17 4 2018 1700.10537647
18 4 2018 1700.26335272
19 4 2018 1700.42132896
20 4 2018 1700.57930521
21 4 2018 1700.73728145
22 4 2018 1700.8952577
23 4 2018 1701.05323394
24 4 2018 1701.21121018
25 4 2018 1701.36918643
26 4 2018 1701.52716267
27 4 2018 1701.68513892
28 4 2018 1701.84311516
29 4 2018 1702.00109141
30 4 2018 1702.15906765
1 5 2018 1703.46997422
2 5 2018 1703.62795046
3 5 2018 1703.7859267
4 5 2018 1703.94390295
5 5 2018 1704.10187919
6 5 2018 1704.25985544
7 5 2018 1704.41783168
8 5 2018 1704.57580793
9 5 2018 1704.73378417
10 5 2018 1704.89176041
11 5 2018 1705.04973666
12 5 2018 1705.2077129
13 5 2018 1705.36568915
14 5 2018 1705.52366539
15 5 2018 1705.68164164
16 5 2018 1705.83961788
17 5 2018 1705.99759412
18 5 2018 1706.15557037
19 5 2018 1706.31354661
20 5 2018 1706.47152286
21 5 2018 1706.6294991
22 5 2018 1706.78747535
23 5 2018 1706.94545159
24 5 2018 1707.10342784
25 5 2018 1707.26140408
26 5 2018 1707.41938032
27 5 2018 1707.57735657
28 5 2018 1707.73533281
29 5 2018 1707.89330906
30 5 2018 1708.0512853
1 6 2018 1709.36219187
2 6 2018 1709.52016811
3 6 2018 1709.67814435
4 6 2018 1709.8361206
5 6 2018 1709.99409684
6 6 2018 1710.15207309
7 6 2018 1710.31004933
8 6 2018 1710.46802558
9 6 2018 1710.62600182
10 6 2018 1710.78397806
11 6 2018 1710.94195431
12 6 2018 1711.09993055
13 6 2018 1711.2579068
14 6 2018 1711.41588304
15 6 2018 1711.57385929
16 6 2018 1711.73183553
17 6 2018 1711.88981177
18 6 2018 1712.04778802
19 6 2018 1712.20576426
20 6 2018 1712.36374051
21 6 2018 1712.52171675
22 6 2018 1712.679693
23 6 2018 1712.83766924
24 6 2018 1712.99564549
25 6 2018 1713.15362173
26 6 2018 1713.31159797
27 6 2018 1713.46957422
28 6 2018 1713.62755046
29 6 2018 1713.78552671
30 6 2018 1713.94350295
1 7 2018 1715.25440952
2 7 2018 1715.41238576
3 7 2018 1715.570362
4 7 2018 1715.72833825
5 7 2018 1715.88631449
6 7 2018 1716.04429074
7 7 2018 1716.20226698
8 7 2018 1716.36024323
9 7 2018 1716.51821947
10 7 2018 1716.67619571
11 7 2018 1716.83417196
12 7 2018 1716.9921482
13 7 2018 1717.15012445
14 7 2018 1717.30810069
15 7 2018 1717.46607694
16 7 2018 1717.62405318
17 7 2018 1717.78202943
18 7 2018 1717.94000567
19 7 2018 1718.09798191
20 7 2018 1718.25595816
21 7 2018 1718.4139344
22 7 2018 1718.57191065
23 7 2018 1718.72988689
24 7 2018 1718.88786314
25 7 2018 1719.04583938
26 7 2018 1719.20381562
27 7 2018 1719.36179187
28 7 2018 1719.51976811
29 7 2018 1719.67774436
30 7 2018 1719.8357206
1 8 2018 1721.14662717
2 8 2018 1721.30460341
3 8 2018 1721.46257965
4 8 2018 1721.6205559
5 8 2018 1721.77853214
6 8 2018 1721.93650839
7 8 2018 1722.09448463
8 8 2018 1722.25246088
9 8 2018 1722.41043712
10 8 2018 1722.56841337
11 8 2018 1722.72638961
12 8 2018 1722.88436585
13 8 2018 1723.0423421
14 8 2018 1723.20031834
15 8 2018 1723.35829459
16 8 2018 1723.51627083
17 8 2018 1723.67424708
18 8 2018 1723.83222332
19 8 2018 1723.99019956
20 8 2018 1724.14817581
21 8 2018 1724.30615205
22 8 2018 1724.4641283
23 8 2018 1724.62210454
24 8 2018 1724.78008079
25 8 2018 1724.93805703
26 8 2018 1725.09603327
27 8 2018 1725.25400952
28 8 2018 1725.41198576
29 8 2018 1725.56996201
30 8 2018 1725.72793825
1 9 2018 1727.03884482
2 9 2018 1727.19682106
3 9 2018 1727.3547973
4 9 2018 1727.51277355
5 9 2018 1727.67074979
6 9 2018 1727.82872604
7 9 2018 1727.98670228
8 9 2018 1728.14467853
9 9 2018 1728.30265477
10 9 2018 1728.46063102
11 9 2018 1728.61860726
12 9 2018 1728.7765835
13 9 2018 1728.93455975
14 9 2018 1729.09253599
15 9 2018 1729.25051224
16 9 2018 1729.40848848
17 9 2018 1729.56646473
18 9 2018 1729.72444097
19 9 2018 1729.88241721
20 9 2018 1730.04039346
21 9 2018 1730.1983697
22 9 2018 1730.35634595
23 9 2018 1730.51432219
24 9 2018 1730.67229844
25 9 2018 1730.83027468
26 9 2018 1730.98825092
27 9 2018 1731.14622717
28 9 2018 1731.30420341
29 9 2018 1731.46217966
30 9 2018 1731.6201559
1 10 2018 1732.93106247
2 10 2018 1733.08903871
3 10 2018 1733.24701496
4 10 2018 1733.4049912
5 10 2018 1733.56296744
6 10 2018 1733.72094369
7 10 2018 1733.87891993
8 10 2018 1734.03689618
9 10 2018 1734.19487242
10 10 2018 1734.35284867
11 10 2018 1734.51082491
12 10 2018 1734.66880115
13 10 2018 1734.8267774
14 10 2018 1734.98475364
15 10 2018 1735.14272989
16 10 2018 1735.30070613
17 10 2018 1735.45868238
18 10 2018 1735.61665862
19 10 2018 1735.77463486
20 10 2018 1735.93261111
21 10 2018 1736.09058735
22 10 2018 1736.2485636
23 10 2018 1736.40653984
24 10 2018 1736.56451609
25 10 2018 1736.72249233
26 10 2018 1736.88046857
27 10 2018 1737.03844482
28 10 2018 1737.19642106
29 10 2018 1737.35439731
30 10 2018 1737.51237355
1 11 2018 1738.82328012
2 11 2018 1738.98125636
3 11 2018 1739.13923261
4 11 2018 1739.29720885
5 11 2018 1739.45518509
6 11 2018 1739.61316134
7 11 2018 1739.77113758
8 11 2018 1739.92911383
9 11 2018 1740.08709007
10 11 2018 1740.24506632
11 11 2018 1740.40304256
12 11 2018 1740.5610188
13 11 2018 1740.71899505
14 11 2018 1740.87697129
15 11 2018 1741.03494754
16 11 2018 1741.19292378
17 11 2018 1741.35090003
18 11 2018 1741.50887627
19 11 2018 1741.66685251
20 11 2018 1741.82482876
21 11 2018 1741.982805
22 11 2018 1742.14078125
23 11 2018 1742.29875749
24 11 2018 1742.45673374
25 11 2018 1742.61470998
26 11 2018 1742.77268622
27 11 2018 1742.93066247
28 11 2018 1743.08863871
29 11 2018 1743.24661496
30 11 2018 1743.4045912
1 12 2018 1744.71549777
2 12 2018 1744.87347401
3 12 2018 1745.03145026
4 12 2018 1745.1894265
5 12 2018 1745.34740274
6 12 2018 1745.50537899
7 12 2018 1745.66335523
8 12 2018 1745.82133148
9 12 2018 1745.97930772
10 12 2018 1746.13728397
11 12 2018 1746.29526021
12 12 2018 1746.45323645
13 12 2018 1746.6112127
14 12 2018 1746.76918894
15 12 2018 1746.92716519
16 12 2018 1747.08514143
17 12 2018 1747.24311768
18 12 2018 1747.40109392
19 12 2018 1747.55907016
20 12 2018 1747.71704641
21 12 2018 1747.87502265
22 12 2018 1748.0329989
23 12 2018 1748.19097514
24 12 2018 1748.34895139
25 12 2018 1748.50692763
26 12 2018 1748.66490387
27 12 2018 1748.82288012
28 12 2018 1748.98085636
29 12 2018 1749.13883261
30 12 2018 1749.29680885